Q0_Similar_List:1006907,277178,44641,1121281,657964
Q10_Similar_List:1141404,1468275,1185429,52953,45147
Q11_Similar_List:1155065,173362,1042271,538306,6654437
Q12_Similar_List:1169086,6742025,6722187,511724,1345696
Q13_Similar_List:1186702,6633653,155483,485659,6794266
Q14_Similar_List:119887,308003,1024264,141471,543837
Q15_Similar_List:1217044,510335,6702021,1169019,394044
Q16_Similar_List:1224118,1070786,1157878,1043885,1526102
Q17_Similar_List:1230674,6786268,1451150,6707059,1231352
Q18_Similar_List:1244534,1105944,1006467,6768426,1497065
Q19_Similar_List:1258506,1140210,945711,1542869,6775192
Q1_Similar_List:1025502,6778769,209891,234448,28758
Q20_Similar_List:1269738,1269900,1269906,1230793,1229670
Q21_Similar_List:1281768,1275453,1188752,1505067,351284
Q22_Similar_List:1290317,1595855,1089308,1037377,1310615
Q23_Similar_List:130535,1039536,330437,890579,313332
Q24_Similar_List:1317645,6701229,6701573,753528,664043
Q25_Similar_List:1334587,990622,287012,259121,1581066
Q26_Similar_List:1354894,1435651,6689215,507790,1160128
Q27_Similar_List:1376237,1442118,1140411,598147,1485761
Q28_Similar_List:1381360,1328145,1181088,356527,1181501
Q29_Similar_List:1389450,657980,769032,796738,1284004
Q2_Similar_List:1034937,6774068,97708,401470,1250184
Q30_Similar_List:1394708,1094272,378772,6785944,51433
Q31_Similar_List:1401018,1401027,1401015,1069867,1365692
Q32_Similar_List:1407792,1407702,1019648,690783,801495
Q33_Similar_List:1415899,1023370,692643,989147,930060
Q34_Similar_List:1426950,1550180,6666842,6695189,507790
Q35_Similar_List:1436473,6731694,1080979,6612321,6764122
Q36_Similar_List:1444812,1449063,6746633,1473388,1364532
Q37_Similar_List:1452771,108409,338927,327775,522655
Q38_Similar_List:1464286,1321397,651415,1450910,748649
Q39_Similar_List:1473692,1517050,72811,298261,6767831
Q3_Similar_List:1042564,917353,1292814,1570595,908732
Q40_Similar_List:1482476,6624431,1437371,330540,6752539
Q41_Similar_List:1493396,1167379,729206,727457,1388130
Q42_Similar_List:1503803,1332367,868036,1201175,1449718
Q43_Similar_List:1514377,6675355,789228,1386025,367732
Q44_Similar_List:1520969,1127870,717890,6675794,128336
Q45_Similar_List:1528138,579010,1527418,640858,1507662
Q46_Similar_List:1537655,659182,6722849,1157902,6784804
Q47_Similar_List:1546282,1546304,1290317,1093005,1074245
Q48_Similar_List:1551373,1528569,1374199,105856,537321
Q49_Similar_List:1555646,1608445,1507567,1521017,1548550
Q4_Similar_List:105840,1559661,1115847,16217,109579
Q5_Similar_List:1072156,1500907,6734562,929743,219728
Q6_Similar_List:1091912,1251413,1526966,723734,858193
Q7_Similar_List:1105518,1539429,249311,100227,1499506
Q8_Similar_List:1118203,6660597,1283743,499730,655748
Q9_Similar_List:1128004,1167986,1419172,936559,354553
