Q0_Similar_List:0,1,5416,5417,5608,5609,5596,5597,5970,5971,4245,26749,26750,6668,10122,5210,5211,25847,25848,27425,5150,31978,31979,5110,5111,7296,7297,26472,26473,25567,25805,5109
Q10_Similar_List:7081,6411,17974,17975,7307,7196,7197,20872,16471,16472,6413,764,16298,16299,7509,27390,27391,6447,7621,10749,27226,34924,19650,19651,30478,30479,37798
Q11_Similar_List:7844,20151,7318,24860,25418,6581,6582,4393,21402,11607,16579,15404,24801,24802,17540,17541,2377,9433,9983,19520,30043,38791,6306
Q12_Similar_List:8440,21242,28324,34458,3058,14192,14193,24120,36961,36933,19475,25586,22472,4058,8535,22358,12819,14839,355,13205,27527
Q13_Similar_List:9016,2624,31845,32947,25490,16743,16744,6255,12562,12563,16914,36914,1919,2214,2274,2275,13307,34835,34836,38249,17775,17776,2062,25112,27592
Q14_Similar_List:9682,29360,15802,9523,18598,18599,20737,20738,7124,7125,24391,25213,37018,1158,12683,11453,11454,2023,2024,34195,14371,25634,7048,7049,9379,3955,4850
Q15_Similar_List:10456,10457,8329,8330,30649,30650,17530,17531,7118,3855,12571,31599,940,941,32851,1294,2530,34870,6534,28639,1465,34984,34985,23511,24865,15449
Q16_Similar_List:11134,38285,20071,31480,38452,3204,3205,35887,5880,18588,16067,2778,2779,28019,28020,39068,15287,15288,15287,15288,13085,15292,15293,1511,14651,18463
Q17_Similar_List:11750,12105,5575,30504,30505,39278,15846,17299,17300,20649,22946,3804,12277,12569,15400,18947,26806,26807,30690,1145,5217,5218,12580,1613,1614
Q18_Similar_List:12529,19775,19776,13570,19773,19774,33680,8744,8451,15376,4027,4028,13434,798,1034,2742,2743,13468,6861,21344,21345,28105,15182,15183,32818,19344
Q19_Similar_List:13397,13398,16886,20788,18296,18297,25845,25846,18197,30595,12767,13077,27239,30386,16388,17487,14363,15686,15687,17588,16152,16153,21559,21852,21853,17552
Q1_Similar_List:193,36207,2245,13728,13729,4142,4143,21,2462,1377,8338,8339,1354,19418,28055,28056,19187,25994,25995,39534,39535,19591,21847,23378,25640,17434
Q20_Similar_List:14202,14203,13665,2681,4069,2578,3552,12007,12008,34045,34046,19717,8640,21085,21086,1793,19004,28927,2078,2079,12842,19306,25718,14541,1737
Q21_Similar_List:14897,15607,19195,16686,34922,34923,37959,35554,3647,3648,35887,33391,14979,20233,24617,16581,26160,26377,26378,17803,27811,4594,19790
Q22_Similar_List:15504,17767,20086,20087,27559,27560,30383,14898,14899,10590,21407,21408,34714,34715,30191,15871,19060,34380,7355,7356,21399,21400,23501,23502,255,2371,27385,27386,23035
Q23_Similar_List:16263,16264,24703,24704,17537,17538,37306,37307,27894,1371,1372,14720,12793,7068,16051,16052,16431,16432,21331,15243,19678,11937,12205,32552,4539,21028,25329
Q24_Similar_List:16943,16944,27592,15169,6608,25302,27729,27730,36011,36012,37608,13873,13874,16837,16838,17219,18017,18018,21810,21811,33765,33766,27161,4523,18916,33981,33982,24935,25002
Q25_Similar_List:17835,29309,35403,4397,5245,16755,33344,11936,27501,28727,11455,37726,24928,9211,29086,1693,1694,13175,17666,27226,39109
Q26_Similar_List:18567,36930,33697,33698,20188,26029,8683,19085,19086,38758,5948,21842,21843,2401,7535,12572,17644,17645,29051,38249,9299,15924,15925,13195,17330
Q27_Similar_List:19134,2371,14393,13433,23385,30276,20086,20087,15174,15175,36759,37049,37050,35812,14374,14520,15504,255,15291,32445,33533,33534,33580,37281
Q28_Similar_List:19753,29228,7685,7686,20329,1247,13679,12996,20918,20919,15094,8728,8729,17811,19718,5351,9240,6019,4885,2625,2626,20553,4603,31640,31641
Q29_Similar_List:20537,28030,8060,28410,29465,29730,16527,16528,38364,38365,34666,34667,25864,25865,2081,18972,28418,4005,7762,4078,3725,3726,8654,20225,20724,20725
Q2_Similar_List:880,20595,32934,13950,12890,24793,29474,29454,29891,15326,8556,8881,19467,1162,7654,29680,29681,9530,28252,34650,5967,5968,32505
Q30_Similar_List:21228,21213,16218,16219,8791,19726,19727,20399,1758,3848,8462,11103,11104,30510,19141,19142,2553,2554,13706,18673,12782,12783,34073,12735,12736,8702,26584
Q31_Similar_List:21899,21198,34656,15009,14598,14599,34967,6660,33941,17855,361,362,7132,1407,26468,7372,9582,9583,9643,14129,15129,29481,38670
Q32_Similar_List:22564,22565,1926,10675,17765,15195,13267,17540,17541,16641,1804,20651,26272,26273,24040,17914,39187,39188,5437,27122,32170,23772,23773,6513,26956
Q33_Similar_List:23385,3620,3621,21489,22260,2699,3867,30857,36185,6787,20886,34338,34339,18435,20068,21923,2604,4535,2939,2940,19842,3181,11568
Q34_Similar_List:24242,24243,7611,7612,7769,11850,22312,19470,26189,26190,22600,22601,19528,26205,39172,13160,13161,5303,9550,23413,32334,32335,5258,5259,4048,24984,15965,7942
Q35_Similar_List:24956,21342,12326,13510,17659,8035,34084,3941,10953,12205,32339,18123,22013,4640,4641,17298,25476,25477,22817,22818,13908,29096,35659,35660
Q36_Similar_List:25684,25349,25350,18480,361,362,7941,31745,33751,7640,7641,24127,24128,267,268,24924,29812,29813,37649,27639,30846,34789,37230,9110,14513,22143
Q37_Similar_List:26302,6990,17609,16839,16840,18900,16847,16848,6932,6933,23640,15896,33953,37647,5761,13602,13603,13726,10388,11264,17319,1396,1397,13579,21356
Q38_Similar_List:27181,30146,30147,26867,20385,20386,16674,16675,17013,18231,30020,7603,7604,27016,14309,16387,24508,24509,30014,14896,18830,15389,37292,30855,26270,26271
Q39_Similar_List:27980,5981,10018,10019,18428,10247,34970,34971,20812,23070,7407,2496,7302,22538,10168,35452,35453,18235,18236,34534,39374,16588,18161,30190
Q3_Similar_List:1714,1715,33894,8516,32555,12349,12350,16126,2215,2990,19817,8695,12195,22260,28532,26586,22593,22594,14198,34968,3031,3032,14501,32701
Q40_Similar_List:28628,10523,913,24130,9459,19746,28098,2790,13470,13686,23580,23581,30593,21946,19503,19693,6389,6390,7132,17299,17300,27262,27263,1017,1018
Q41_Similar_List:29185,29800,18143,18144,6880,6881,30442,30443,6047,39324,39325,11332,12202,38999,39000,10091,10092,5357,37222,37223,10921,22928,6660,29930,21253,6594,17742
Q42_Similar_List:29951,25001,2439,10485,23507,1571,25135,6769,9013,995,18813,7370,9186,25681,25682,31957,4545,7477,25909,25910,1499,4067
Q43_Similar_List:30729,21444,28881,28882,9822,9823,27448,8145,21206,24791,2462,14371,23353,23354,19591,18982,10850,8985,24468,5370,2992,23482,25432
Q44_Similar_List:31395,14443,14444,8387,20638,29994,7291,11025,11026,15466,2201,2202,22205,29927,10223,27602,27603,27800,27801,28096,3544,3545,23507,33260,35869,35870,11152,11153
Q45_Similar_List:32236,19530,1295,1296,1019,13579,9433,14434,18709,2439,15707,22473,15917,24429,38496,517,22368,22211,15741,10203,13351,19300
Q46_Similar_List:33094,33106,10150,29057,3147,23605,32748,32749,12160,8969,34279,27157,27158,7583,7584,20318,36328,36329,4545,25095,28830,24852,24853,23402,31344,31345
Q47_Similar_List:33788,39565,19116,757,8174,37351,38171,13351,13384,31916,32634,32635,33935,31834,37687,38475,30338,10168,10828,23765,29156
Q48_Similar_List:34349,32811,232,37545,37546,24056,18028,24171,38743,38744,25979,25980,2722,11811,11812,17775,17776,26583,5750,28417,4066,27369,31660,31661,22908,22909,38546
Q49_Similar_List:35089,35090,9961,9962,25839,25840,26457,26458,1345,3238,3239,1193,16783,27344,9956,9957,7322,17727,25579,25580,2250,25577,25578,27909,27910,22314,29411,10609,10610,16164,16165
Q4_Similar_List:2460,2461,29274,8874,9459,15795,23215,19212,7152,7153,18708,20538,28609,28610,1463,1464,23090,9682,11967,22087,22088,3167,3168,22178,1969,19388,19389,858
Q5_Similar_List:3197,32663,32664,25606,3612,2560,5663,18813,18886,20377,12587,5951,5952,9905,9906,31614,31615,5559,39074,39075,28295,36011,36012,22482,22483,37066,21137
Q6_Similar_List:4006,28295,22392,22393,3612,39074,39075,19444,38636,38637,28417,9186,12161,15624,15625,18570,19477,19478,25073,25074,38148,25720,22780,22781,7829,23488,23489,33415
Q7_Similar_List:4609,4610,6918,4108,4402,17632,12019,27053,27054,6281,6298,1613,1614,10666,10667,15198,15199,7720,7721,8500,3788,4050,19321,28420,28421,27814,9269
Q8_Similar_List:5447,17919,35447,5076,18254,35766,31934,6067,6068,7088,35847,35603,21092,27334,26914,25517,36347,37876,35748,6722,35409
Q9_Similar_List:6168,6169,6166,35690,35691,16433,32100,35086,15885,38558,8923,26869,26870,20836,6276,13287,13288,15621,15622,19110,19111,19527,5847,5848,10312,26720,25156
